main function guess:
99448.3 95084.3 103095 95136.9 100150 103369 100152 97618 102092 100908 109610 101681 104618 103543 99421.8 98476.6 96892 105918 95767.2 87912.9 96504.9 97641 90884.9 100228 95953.6 99940.4 99164.7 96926.8 
N= 28 nr= 2 nmax= 134217728
rank: 0 global_max: 2778138.725685
Time taken: 81687 milliseconds
main function guess:
99448.3 95084.3 103095 95136.9 100150 103369 100152 97618 102092 100908 109610 101681 104618 103543 99421.8 98476.6 96892 105918 95767.2 87912.9 96504.9 97641 90884.9 100228 95953.6 99940.4 99164.7 96926.8 
N= 28 nr= 2 nmax= 134217728
rank: 0 global_max: 2778138.725685
Time taken: 55487 milliseconds
main function guess:
99448.3 95084.3 103095 95136.9 100150 103369 100152 97618 102092 100908 109610 101681 104618 103543 99421.8 98476.6 96892 105918 95767.2 87912.9 96504.9 97641 90884.9 100228 95953.6 99940.4 99164.7 96926.8 
N= 28 nr= 2 nmax= 134217728
rank: 0 global_max: 2778138.725685
Time taken: 41005 milliseconds
main function guess:
99448.3 95084.3 103095 95136.9 100150 103369 100152 97618 102092 100908 109610 101681 104618 103543 99421.8 98476.6 96892 105918 95767.2 87912.9 96504.9 97641 90884.9 100228 95953.6 99940.4 99164.7 96926.8 
N= 28 nr= 2 nmax= 134217728
rank: 0 global_max: 2778138.725685
Time taken: 44362 milliseconds
main function guess:
99448.3 95084.3 103095 95136.9 100150 103369 100152 97618 102092 100908 109610 101681 104618 103543 99421.8 98476.6 96892 105918 95767.2 87912.9 96504.9 97641 90884.9 100228 95953.6 99940.4 99164.7 96926.8 
N= 28 nr= 2 nmax= 134217728
rank: 0 global_max: 2778138.725685
Time taken: 46498 milliseconds
main function guess:
99448.3 95084.3 103095 95136.9 100150 103369 100152 97618 102092 100908 109610 101681 104618 103543 99421.8 98476.6 96892 105918 95767.2 87912.9 96504.9 97641 90884.9 100228 95953.6 99940.4 99164.7 96926.8 
N= 28 nr= 2 nmax= 134217728
rank: 0 global_max: 2778138.725685
Time taken: 53176 milliseconds
main function guess:
99448.3 95084.3 103095 95136.9 100150 103369 100152 97618 102092 100908 109610 101681 104618 103543 99421.8 98476.6 96892 105918 95767.2 87912.9 96504.9 97641 90884.9 100228 95953.6 99940.4 99164.7 96926.8 
N= 28 nr= 2 nmax= 134217728
rank: 0 global_max: 2778138.725685
Time taken: 55567 milliseconds
main function guess:
99448.3 95084.3 103095 95136.9 100150 103369 100152 97618 102092 100908 109610 101681 104618 103543 99421.8 98476.6 96892 105918 95767.2 87912.9 96504.9 97641 90884.9 100228 95953.6 99940.4 99164.7 96926.8 
N= 28 nr= 2 nmax= 134217728
rank: 0 global_max: 2778138.725685
Time taken: 55795 milliseconds
main function guess:
99448.3 95084.3 103095 95136.9 100150 103369 100152 97618 102092 100908 109610 101681 104618 103543 99421.8 98476.6 96892 105918 95767.2 87912.9 96504.9 97641 90884.9 100228 95953.6 99940.4 99164.7 96926.8 
N= 28 nr= 2 nmax= 134217728
rank: 0 global_max: 2778138.725685
Time taken: 57802 milliseconds
