main function guess:
99448.3 95084.3 103095 95136.9 100150 103369 100152 97618 102092 100908 109610 101681 104618 103543 99421.8 98476.6 96892 105918 95767.2 87912.9 96504.9 97641 90884.9 100228 95953.6 99940.4 99164.7 96926.8 
N= 28 nr= 2 nmax= 134217728
rank: 0 global_max: 2778138.725685
Time taken: 81945 milliseconds
main function guess:
99448.3 95084.3 103095 95136.9 100150 103369 100152 97618 102092 100908 109610 101681 104618 103543 99421.8 98476.6 96892 105918 95767.2 87912.9 96504.9 97641 90884.9 100228 95953.6 99940.4 99164.7 96926.8 
N= 28 nr= 2 nmax= 134217728
rank: 0 global_max: 2778138.725685
Time taken: 55697 milliseconds
main function guess:
99448.3 95084.3 103095 95136.9 100150 103369 100152 97618 102092 100908 109610 101681 104618 103543 99421.8 98476.6 96892 105918 95767.2 87912.9 96504.9 97641 90884.9 100228 95953.6 99940.4 99164.7 96926.8 
N= 28 nr= 2 nmax= 134217728
rank: 0 global_max: 2778138.725685
Time taken: 41105 milliseconds
main function guess:
99448.3 95084.3 103095 95136.9 100150 103369 100152 97618 102092 100908 109610 101681 104618 103543 99421.8 98476.6 96892 105918 95767.2 87912.9 96504.9 97641 90884.9 100228 95953.6 99940.4 99164.7 96926.8 
N= 28 nr= 2 nmax= 134217728
rank: 0 global_max: 2778138.725685
Time taken: 43339 milliseconds
main function guess:
99448.3 95084.3 103095 95136.9 100150 103369 100152 97618 102092 100908 109610 101681 104618 103543 99421.8 98476.6 96892 105918 95767.2 87912.9 96504.9 97641 90884.9 100228 95953.6 99940.4 99164.7 96926.8 
N= 28 nr= 2 nmax= 134217728
rank: 0 global_max: 2778138.725685
Time taken: 45381 milliseconds
main function guess:
99448.3 95084.3 103095 95136.9 100150 103369 100152 97618 102092 100908 109610 101681 104618 103543 99421.8 98476.6 96892 105918 95767.2 87912.9 96504.9 97641 90884.9 100228 95953.6 99940.4 99164.7 96926.8 
N= 28 nr= 2 nmax= 134217728
rank: 0 global_max: 2778138.725685
Time taken: 53651 milliseconds
main function guess:
99448.3 95084.3 103095 95136.9 100150 103369 100152 97618 102092 100908 109610 101681 104618 103543 99421.8 98476.6 96892 105918 95767.2 87912.9 96504.9 97641 90884.9 100228 95953.6 99940.4 99164.7 96926.8 
N= 28 nr= 2 nmax= 134217728
rank: 0 global_max: 2778138.725685
Time taken: 54549 milliseconds
main function guess:
99448.3 95084.3 103095 95136.9 100150 103369 100152 97618 102092 100908 109610 101681 104618 103543 99421.8 98476.6 96892 105918 95767.2 87912.9 96504.9 97641 90884.9 100228 95953.6 99940.4 99164.7 96926.8 
N= 28 nr= 2 nmax= 134217728
rank: 0 global_max: 2778138.725685
Time taken: 48544 milliseconds
main function guess:
99448.3 95084.3 103095 95136.9 100150 103369 100152 97618 102092 100908 109610 101681 104618 103543 99421.8 98476.6 96892 105918 95767.2 87912.9 96504.9 97641 90884.9 100228 95953.6 99940.4 99164.7 96926.8 
N= 28 nr= 2 nmax= 134217728
rank: 0 global_max: 2778138.725685
Time taken: 57111 milliseconds
