Initializing AMReX (24.05-32-g28b010126a1b)...
AMReX (24.05-32-g28b010126a1b) initialized
DM: KnapSackDoIt called...
  Bucket 0 contains boxes:
    25 309 323 137 29 206 158 437 172 227 488 11 268 271 1 507 335 496 153 443 509 344 423 314 493 234 34 228 455 254 33 117 417 75 367 144 363 175 280 339 414 380 346 341 198 55 30 448 386 409 116 6 4 361 497 164 143 324 211 43 245 216 469 347 388 125 134 456 235 375 149 24 504 270 94 298 428 85 359 36 201 174 425 398 460 239 432 278 213 178 403 205 74 373 195 404 307 26 124 99 282 288 334 321 472 292 487 173 511 8 10 258 392 142 192 249 167 7 128 69 481 87 185 319 81 459 238 138 326 150 494 240 208 379 118 46 274 372 177 224 447 384 368 299 434 261 322 63 416 41 294 28 67 308 296 100 389 86 418 312 112 225 436 123 243 463 83 72 499 57 382 449 133 413 9 353 39 370 79 410 168 505 84 503 492 340 157 479 328 130 13 290 267 35 385 462 408 256 80 366 477 426 333 49 190 293 291 151 273 369 65 51 114 483 92 215 135 485 337 377 212 342 107 310 419 495 311 482 394 202 244 412 320 438 395 17 3 343 220 179 147 232 402 226 184 250 471 360 53 119 58 272 159 105 27 236 
  Bucket 1 contains boxes:
    506 490 440 182 444 275 246 378 281 108 76 45 230 78 354 180 510 21 297 199 98 331 37 247 219 415 383 316 113 429 283 146 252 420 54 442 241 166 136 407 486 465 103 32 214 317 454 400 421 467 169 473 405 330 374 162 476 260 362 381 285 390 287 186 66 302 397 95 336 163 221 406 276 127 348 352 210 187 248 484 229 77 396 338 22 393 277 441 474 161 289 203 508 110 305 315 450 171 300 464 196 306 266 452 332 2 263 318 104 222 73 371 15 88 188 19 47 427 399 475 458 122 457 433 468 18 446 391 139 145 93 466 356 435 40 154 204 498 64 387 141 42 489 451 349 502 193 242 90 264 20 52 445 111 120 401 170 62 251 200 109 209 223 59 491 329 101 14 183 304 181 82 303 351 325 265 0 97 253 218 411 430 126 365 286 279 478 207 71 38 217 44 345 231 233 284 160 376 257 23 176 60 439 155 89 31 61 358 262 50 470 68 129 301 461 115 156 106 70 255 237 197 131 56 259 313 16 269 48 12 453 96 501 431 152 355 132 480 500 357 364 327 422 191 148 295 102 424 91 165 189 350 121 140 5 194 
  Bucket 0 total weight: 224260630962
  Bucket 1 total weight: 224258621162
  Mapping bucket 0 to rank 0
  Mapping bucket 1 to rank 1
KNAPSACK efficiency: 0.9999955191
DM: SFCProcessorMapDoIt called...
  (nprocs, nteams, nworkers) = (2, 2, 1)
  Bucket 0 contains 223436842496
  Bucket 1 contains 225082409628
Mapping bucket 0 to rank 0
Mapping bucket 1 to rank 1
SFC efficiency: 0.996344523


TinyProfiler total time across processes [min...avg...max]: 0.003592 ... 0.003592 ... 0.003592

-------------------------------------------------------------------------------------------
Name                                        NCalls  Excl. Min  Excl. Avg  Excl. Max   Max %
-------------------------------------------------------------------------------------------
DistributionMapping::KnapSackDoIt()              1   0.003303   0.003303   0.003303  91.95%
main                                             1  0.0001324  0.0001324  0.0001324   3.69%
DistributionMapping::SFCProcessorMapDoIt()       1  8.798e-05  8.798e-05  8.798e-05   2.45%
knapsack()                                       1  4.241e-05  4.241e-05  4.241e-05   1.18%
DistributionMapping::Distribute()                1   5.85e-06   5.85e-06   5.85e-06   0.16%
-------------------------------------------------------------------------------------------

-------------------------------------------------------------------------------------------
Name                                        NCalls  Incl. Min  Incl. Avg  Incl. Max   Max %
-------------------------------------------------------------------------------------------
main                                             1   0.003571   0.003571   0.003571  99.43%
DistributionMapping::KnapSackDoIt()              1   0.003345   0.003345   0.003345  93.13%
DistributionMapping::SFCProcessorMapDoIt()       1  9.383e-05  9.383e-05  9.383e-05   2.61%
knapsack()                                       1  4.241e-05  4.241e-05  4.241e-05   1.18%
DistributionMapping::Distribute()                1   5.85e-06   5.85e-06   5.85e-06   0.16%
-------------------------------------------------------------------------------------------

Pinned Memory Usage:
-----------------------------------------------------------------
Name                            Nalloc  Nfree    AvgMem    MaxMem
-----------------------------------------------------------------
The_Pinned_Arena::Initialize()       1      1  6672 KiB  8192 KiB
-----------------------------------------------------------------

AMReX (24.05-32-g28b010126a1b) finalized
